200
1.8 63.7 1.7
52 57.9 5.5
6.3 32.8 4.8
71.7 93.5 5.2
45.9 38.6 4.6
21.7 4.1 3.4
75.3 86.5 4.7
54.1 38.6 3.2
84.9 93.2 2.5
8.9 97.8 1.1
32.3 26.2 2.3
0.2 9.4 3.2
44.6 53.3 2.1
93.6 2.3 1.8
29.9 16.7 4.1
24.5 77.1 3.4
58.3 19.1 3.2
99 89.9 3
32 66.1 1.9
30.8 5.4 2.9
11.2 67.6 2.3
76.6 31.2 3.2
22.3 96.4 4.8
77.4 52.6 3.8
70.6 38.3 4.1
61.2 97 5.9
1.3 97.7 2.6
81.2 14.9 5.3
7.4 40.1 2.5
3.4 68.8 5.4
82.1 8.6 5.5
27.8 20.8 5.1
73.2 31.9 5.2
35.2 13.5 1.9
80.3 50.8 3.4
62.8 72.2 5.4
11.9 33.1 3.9
1 90.4 4.3
79.4 2.4 2.2
9.4 28.5 4.6
3.3 49.6 5.9
57.5 12.4 1.5
88.3 73.7 4.3
83.8 81.8 1.6
95.8 9.8 3.6
23.1 23.9 1.9
51.8 93.6 5.8
54.9 67.5 4.4
67.6 95.7 4.6
46.8 85.8 3.4
74.8 93.8 3.4
97.2 3 4
54.6 10.1 1.5
69.3 98.9 5.9
27.7 45.1 3.3
99.6 91.5 5.9
74.5 25.4 5.9
27.1 34 2.9
74.3 63.6 2.5
92.8 84.1 3.4
40.3 81.3 3.6
7 21.6 2
56.8 25.5 2.4
57.8 20.5 1.7
6.7 34.3 3.5
61.9 17.7 2.2
92.5 70.4 5.7
94.7 90 1.3
58.8 28.1 3.4
55.8 73.7 1.9
5.9 15.7 2.2
15.1 69 5.9
26.2 43.2 5.4
58.9 27.6 5.4
70.9 25 2.4
65.6 85.9 5.9
90.9 23.4 1
12.6 75.8 4
17.5 57.5 5.8
54.7 0.2 5.6
58.7 76.5 2.3
54.6 94.9 5.2
55.4 83.5 3.2
60.8 30.3 2.7
16 77.5 1.1
71.5 75.2 5.4
15.9 85.4 1.3
38.2 73.4 2.7
25.7 50.1 4.3
14.4 10.3 4.9
56.1 16.1 2.8
60.6 24.5 5.1
68.6 60.8 2.4
21.3 35.6 3.5
1.3 40.9 1.7
51.1 56.5 4.9
16.8 62.1 2.1
28.9 7.4 3.7
89.2 47.6 2.2
20.3 31.6 2.5
88.2 53.3 4.4
31.5 21.2 1.8
51.6 86.7 3.6
56.8 76.9 3.3
95 53.3 2.2
41.3 63.2 3.8
72.4 8.1 3.5
59.3 15.2 2.5
41.1 48.6 2
98.8 67.7 2
82.2 84.2 3.3
53.4 83.2 5.7
34.8 86.4 1.6
85.5 85 1.6
22.5 69.6 5.8
46.5 70.7 2.8
90 76.2 4.5
99 69.7 5.3
97.4 66.7 2.6
77.9 71 2.4
92.8 33.4 2.8
71.7 99.5 5.7
32.9 76.8 4.1
1.5 20.1 1.9
58.1 55.5 2.9
68.9 1.2 3.4
15.6 5.2 4.1
5.4 31.2 1.9
72.3 66.7 1.3
12.2 12.1 1.5
21.7 48.8 4.5
59.5 9 1.4
17.7 29.4 4.9
91.5 54.5 4.5
87 31.1 1.5
18.3 11.2 2.4
59.4 65.4 5.1
58.2 93 4.8
73.3 15 2.3
84.8 37 5.6
73.5 84.6 3.3
66.7 63.6 1.1
44.4 29.1 3.5
32.6 6.2 5.7
53.5 79.7 1.5
51.4 70.6 3.3
60.1 27.4 5
85.5 57.8 1.3
70.8 18.4 1.1
8.8 46.4 1.2
56.1 64.4 1.9
25.2 99.5 4.4
75.9 79 3.3
34.3 14.3 2.3
3.4 8.1 1.7
92.3 98.2 5.5
97.4 86.9 4.4
89.7 32.8 1.8
50.2 48 4.9
32.6 5.4 2.5
19.5 82.2 1.9
13.5 54.4 4.3
6.7 4.4 3.6
8.4 77.4 2.4
11.2 22.1 3.6
9.2 3.2 2.5
86.4 90.6 2.3
5.5 12.9 1
69.8 2.1 1.2
65.6 52.7 2.6
89.8 32.1 3.2
22.2 22.4 4.6
31.5 28.9 5.1
57.8 12.3 2.8
29.5 72.9 4.7
65.2 54.7 2.3
3.5 47.7 4.7
43.7 58.9 5
17.8 95.9 5.4
45.7 75.4 5.4
15.3 30.2 2.1
44.7 0.4 3.8
49.6 86.4 2
31.2 32.6 4.9
82.9 51.2 3.2
32.6 90.9 1.5
77.7 13.2 3.8
39.3 66.7 3.3
14.6 75.1 2.9
34.1 83.2 5.4
52.2 54.9 5
20 28.8 5.6
89.8 80.1 3.4
13.4 49.3 4
73 85.6 3.1
76.6 19.3 2.3
48.9 25.8 5.6
52.8 51.2 5.9
21.1 78.8 4.8
91.8 65.2 2.7
285
0 29
1 95
1 124
1 136
1 158
1 177
1 190
1 197
2 36
2 39
2 64
2 127
3 6
3 25
3 48
3 50
3 53
3 75
3 121
3 194
5 126
6 50
6 75
6 110
6 140
6 152
6 194
8 166
10 31
10 172
10 183
11 154
12 177
13 51
14 31
14 101
14 153
15 114
15 174
15 198
16 63
16 65
16 73
16 90
16 91
16 107
17 55
17 156
19 97
19 143
19 159
20 71
21 32
21 56
22 151
22 178
23 34
23 184
24 32
25 46
25 48
25 53
25 81
25 121
25 137
27 30
27 186
27 195
28 64
30 38
30 186
31 45
31 101
31 171
31 172
32 56
32 74
33 153
34 184
35 47
35 69
35 80
35 85
35 103
35 136
36 39
36 64
36 132
36 180
36 191
39 64
39 127
39 132
39 164
39 180
40 149
40 176
41 90
41 107
41 173
42 66
42 116
42 192
43 110
44 51
45 171
45 191
46 81
46 102
46 111
46 137
46 182
47 69
47 136
47 145
47 150
48 50
48 53
48 75
48 121
49 102
49 111
49 182
50 53
50 121
52 173
53 121
54 72
54 88
54 130
55 67
55 155
55 156
56 74
56 195
57 93
57 172
57 183
58 128
59 156
59 192
60 179
60 189
61 164
62 68
62 73
62 91
62 146
62 196
63 91
64 127
65 91
65 107
66 109
66 116
66 117
66 118
66 199
67 156
68 73
68 83
68 91
68 146
69 80
69 103
70 167
71 77
71 96
71 114
71 188
72 88
72 130
73 83
73 91
73 146
73 196
75 137
75 140
75 194
77 84
77 163
77 188
78 96
78 130
78 161
78 193
80 103
81 102
81 137
82 102
82 111
82 144
83 91
83 146
84 188
84 198
85 119
85 152
87 122
87 179
88 130
89 126
89 129
89 135
90 107
90 173
91 146
92 141
93 99
93 132
93 191
95 124
95 158
95 177
95 190
95 197
97 143
97 159
98 100
99 132
99 191
100 133
100 147
100 184
102 111
102 182
103 111
103 144
104 133
105 177
105 187
107 173
109 117
109 118
110 113
111 144
111 179
111 182
112 189
114 174
114 198
115 145
115 179
116 192
117 118
120 157
120 170
122 174
122 189
124 190
124 197
125 168
130 193
131 173
132 171
132 180
132 191
134 139
134 157
134 170
136 150
138 186
139 157
139 170
140 152
140 194
142 196
143 159
145 179
149 176
151 178
154 162
157 170
158 190
158 197
160 198
161 193
162 165
169 175
171 191
172 183
177 190
180 191
188 198
190 197
0

