200
45.4 63.8 2
67.5 45 5.9
86.4 32.5 4.2
32.5 35.2 4.4
24 69.1 3
74.4 60.5 5.9
69.4 25.7 2.2
3.2 26.6 3
38.1 50.1 5.7
24.2 28.3 3
9.1 72 1.1
59.4 81.8 5.9
52 74.6 5.1
18.2 89.8 4.2
87.9 92.2 2.9
3.8 93.9 3.8
37.9 3.6 2.9
43.1 74 5
25.1 39.3 2
37.2 67.3 1.1
13.9 61 4.1
41.5 32.3 2.2
83.5 0.1 3.3
8 4.4 1.6
77.4 77.4 1.6
76.4 10.7 1.7
32 75.2 2.2
44.2 33.7 5.5
49.1 92.7 2.8
66.1 35.9 5.5
21.9 31.9 2.6
21.4 62.3 3.6
83.4 88.8 3.9
40.5 29.7 2.3
34.9 6.4 1.2
92.5 63.1 3.7
47.8 60.1 4
39.1 81.2 3.3
11.8 75.2 2.8
42.7 31.9 5.5
75.9 2 4.3
64.3 78.7 3.7
67.6 93.5 1
84.3 30.3 1.8
74 95.6 2.6
32.8 98.3 1.1
71.9 28.6 4.4
87.2 30.8 5
29.6 48.9 2.4
62.7 50 2.2
82.5 87.2 1.1
23.7 74.9 5.2
81.9 47.1 5
68.7 95.6 4.4
53 62.9 4.2
80 26 4.3
76.4 7.2 5.1
27 62.4 3
90.9 72.3 1.8
24.3 50.3 3.1
81.3 29.5 5.4
51.1 80.3 2.1
34 92.5 3.2
52.3 6.3 5.5
79.1 56.7 1.5
24.9 76 4.7
65.1 4.9 1.2
0.4 7.1 4.8
42.3 1.1 3.7
3.1 82.3 1.7
62.6 95.7 3.6
31 90.4 3.3
6.4 37.6 5.6
2.8 63.5 3.6
74.8 37.1 2.4
94.5 15.5 3
41 4 4.9
65.7 33.5 1
15.1 11.7 5.9
92.7 19.2 4.6
25.8 18.4 1.3
28.5 73.7 4.8
8.4 89 3.5
49.8 67.9 3.4
22.7 13.3 1.2
83.7 18.3 1.4
4.9 57 1.8
49.9 90.1 5.4
90.9 97 3.6
42.8 15.3 5.8
82 23 2.1
24.5 66.4 3.4
97.3 89.3 2.8
70.1 2.2 3.5
75.5 58 5.2
8.1 6.9 5.2
6.9 41.2 1.6
44.7 16.2 1.2
72.8 35.4 1.2
70 44.8 2.5
90.7 53.8 3.9
11.2 87.1 1.4
51.4 47.3 2.9
63.8 87.7 3.3
90.3 8.7 3.1
31.7 57.1 2.2
0.9 95.6 2.6
40.5 6.3 5.3
67.3 30.3 1.2
97 89.8 4.2
20.1 31.3 4.8
4.2 87.9 3.3
0.9 23.3 2.1
34.9 12.5 4.5
81.9 34.3 5.7
74.6 33.4 1
93.1 62.7 3.3
5.6 46.6 4.3
86.3 5.7 3.2
70.4 18.9 3
43.3 74.8 5.1
24.6 40.5 1.4
97.4 94.6 1.5
56 14.8 2.3
77 59.4 1
39 3.9 2.4
58.2 49.9 1.4
91.2 91.3 5.2
64.3 14.2 1.2
87.9 36.5 5.1
74.2 0.1 4
5.9 89.1 2.4
30.8 16.6 2.2
80.2 42 3.1
35.6 23.4 3.3
74.2 90.3 2.7
81.4 58.5 2.1
60.7 34.7 4.3
66.9 17.8 1.6
78.2 99.4 1.4
52.3 41.6 4.3
32.1 84.8 1.4
54.8 64 4.2
12.1 39.1 1.5
22.1 65.9 1.2
40.3 71.8 2.9
55.8 91.9 2.2
25.3 86.7 3.8
34.6 88.9 5.6
79.1 73.5 2.8
72.5 80.3 1.7
77.5 39 3.7
18.4 59.7 5.5
37.3 47.8 5.5
9.8 87.2 5.2
59 17.2 2.9
31.7 33.4 4.7
53 34.3 1.9
83.1 76.9 2.6
33.5 90.8 3.6
11.4 15.8 2.6
36.9 77.9 3
58.9 80.8 2.6
57.7 64.7 4.1
0.9 47.8 2.8
36.6 32.6 1.8
15.5 12.1 5.4
1.1 30.9 3.3
72.3 35.9 1.8
40 9.8 3.8
90.3 47.7 4
54.9 34 3.1
95.8 34.8 2.5
79.1 98.5 1.2
76.1 4.4 5.5
97.4 79.4 4.8
49.4 0.7 2
20.7 58.1 4.7
86.9 9.8 3.9
27.7 62 3.4
13 15.3 5.8
28.4 54 1.2
34.5 31.8 5.2
90.5 73.5 5.5
47.3 92.6 3.6
39.9 47.4 3
12 49.5 5.4
18.1 53.5 5.8
57.4 18.4 3.7
32.8 11.9 1.1
32.5 19.2 2.1
3.8 56.5 2
8.2 30.8 1.7
7.7 65.8 1.3
97.1 38.1 2.1
27.1 85.3 3
24.1 12.2 2
55.4 14 3
26 88.7 5.9
67.2 99.9 5.3
273
0 36
1 29
1 49
1 99
2 43
2 47
2 60
2 114
2 129
3 156
3 165
3 182
4 51
4 65
4 81
4 91
4 144
5 64
5 94
5 124
5 136
6 46
7 112
7 167
8 153
8 185
9 30
9 110
11 12
11 41
11 103
11 162
12 17
12 61
12 83
12 120
13 147
13 154
13 198
14 32
14 88
14 127
15 82
15 106
15 111
15 131
15 154
16 68
16 76
16 107
16 125
16 169
17 37
17 120
17 145
17 161
18 121
20 31
20 152
20 177
20 187
21 27
21 33
21 39
21 182
22 118
22 174
23 95
24 149
25 56
25 174
26 81
27 33
27 39
27 182
28 87
28 184
29 46
29 77
29 108
29 137
29 168
30 110
31 57
31 91
31 144
31 152
31 177
31 179
31 187
32 50
32 127
33 39
33 182
34 107
35 116
36 54
36 142
37 120
37 161
39 165
39 182
40 56
40 93
40 130
40 174
41 162
42 53
43 47
43 55
43 60
43 114
44 53
46 55
46 60
46 108
47 55
47 60
47 114
47 129
48 59
48 153
51 65
51 81
51 91
52 133
52 170
53 70
53 199
54 83
54 142
54 163
55 60
55 90
55 114
56 93
56 130
56 174
57 91
57 177
57 179
58 183
59 187
60 90
60 114
60 129
62 71
62 148
62 159
62 198
63 176
63 197
64 94
64 136
65 81
67 95
68 76
68 107
68 125
70 199
71 147
71 148
71 159
71 198
72 96
72 117
72 143
72 167
72 192
74 98
74 114
74 151
74 168
75 79
76 107
76 125
76 169
77 137
78 95
78 160
78 166
78 180
82 101
82 111
82 131
82 154
83 142
84 196
86 191
87 146
87 184
88 127
89 97
89 107
89 113
89 169
91 144
91 179
92 109
92 127
93 130
93 174
94 124
94 136
95 166
95 180
96 117
98 168
100 170
101 154
102 140
104 118
104 178
107 113
107 125
107 169
109 122
109 127
111 131
111 154
113 132
113 169
113 189
114 129
114 133
114 151
117 164
117 186
118 178
119 138
120 145
120 161
123 155
123 188
123 197
125 169
130 174
131 154
132 190
133 151
134 182
134 190
137 171
139 173
141 148
141 198
142 163
147 195
147 198
148 159
148 195
148 198
149 158
152 177
152 187
153 185
155 188
155 197
156 165
156 182
157 171
159 198
160 166
160 180
165 182
166 180
172 194
175 183
177 179
177 187
186 187
188 197
195 198
5
2 43 47 60 114 
