100
76.3 58.6 5.9
7.8 35.9 2.7
91.1 12.6 2.8
78.5 8.6 1.7
8.9 76.8 1.7
54.2 25.5 4.6
29.2 82.3 5.6
54.3 91.7 3.2
76.4 27.5 2
14.3 18.7 5.1
83.9 19 3.4
76 84 2.3
14.2 80 3.3
30.2 38.6 1.7
99.2 27.8 1.7
92.8 73.9 4.9
64.1 4.2 3.5
34.5 81.6 5.2
29.8 91.5 4.4
5.8 55.9 4.1
34.6 33.3 2.4
12.2 5.8 4.8
46.4 22.8 5.6
69.6 48.3 1.5
3.5 83.3 1.3
18.4 76.9 5
98.7 3.2 3.2
8.3 96.5 4.4
35.2 86.4 3.8
65.6 80.9 1.5
57.1 95.8 2.8
11.6 12.9 2.9
80.5 25.8 5.8
56.4 30.6 4
83.7 5.7 5.7
53.9 97 3.7
47.8 98.4 4.3
40.2 49.7 3.1
78 96.2 3.2
13.5 48.7 5.6
52.7 2.3 1.4
83.1 43.9 1.6
16.3 52.8 3.2
84.6 4.7 1
95 35.1 1.3
37.3 0.2 2
52.2 40.5 1.5
34.3 23.2 1.9
24.6 54 1.9
15.4 52.3 1.2
53.4 69.7 2
3.8 10.1 1.3
7.7 77.2 4.1
32.1 92.9 3.6
25.5 46 5.5
63.9 27.8 2.2
23.2 85 5
82.2 93.2 1.7
42.9 88.8 2.5
27.8 86.9 1.5
91.7 36.9 5.8
98.2 2.9 5.6
1.8 3.7 1
85.3 31 4.5
93 19.5 3.3
28.5 83.6 4.2
44.6 14.4 2.4
87.9 21.5 4.4
64.5 31.6 5.5
10.7 9.8 1.7
7.9 30.9 1.2
83.6 73.6 4.6
83.6 53 2.6
64.1 60.8 2
46.4 54.7 5.5
17.3 49.3 1.4
87 20 4.2
67.1 59.2 1.8
98 72.1 1.9
34.5 72.3 1.9
47.3 35.5 4.6
16.9 72.3 5.6
50.7 22.3 4.5
79.2 26.3 4.5
73.3 1.9 5.8
86.7 41 5.2
14.8 46.3 3.2
95.2 10.1 4.4
62.5 18.1 4.8
64.1 35.3 3.6
16.4 14.9 2.6
73.4 54.3 2.9
65.4 35.9 3.1
50 24.1 4.6
13.4 45.2 3.2
26.2 52.5 4
4.1 49.3 5.6
88.1 83.8 4.5
4.4 89 5.1
82.9 2.1 4.2
92
0 91
2 87
3 34
4 52
5 22
5 33
5 82
5 93
6 17
6 18
6 28
6 56
6 59
6 65
7 30
7 35
8 32
8 83
9 31
9 90
10 32
10 67
10 76
12 25
12 52
12 81
15 71
15 78
17 28
17 65
18 28
18 53
18 56
18 59
18 65
19 96
21 31
21 69
22 82
22 93
24 98
25 56
25 81
26 61
27 98
28 53
28 65
30 35
31 69
31 90
32 63
32 67
32 76
32 83
33 68
34 43
34 84
34 99
35 36
37 74
39 42
39 49
39 75
39 86
39 94
39 96
41 85
42 49
42 75
43 99
44 60
48 95
54 95
55 68
56 59
56 65
59 65
60 63
60 85
61 87
63 83
64 67
64 76
67 76
68 89
68 92
73 77
75 86
82 93
84 99
86 94
89 92
5
6 18 56 59 65 
