150
61.3 76.7 4.6
13.1 28.8 4.2
70.5 85.2 2
88 78.4 1.9
27 16.1 5.6
2.1 48.4 2
49.6 51.5 3.5
2.4 57.2 3.7
38.2 1.4 5.7
0.8 45.7 5.9
20.7 29.4 1.7
5.5 70.4 3.4
37.6 14.5 3.4
45.6 92.5 2.6
40.9 50.8 2.5
36.5 65.9 1.7
0.1 93.9 5.4
59.5 87.6 5.2
87.3 27.8 1.1
50.7 55.1 4.9
18 9.3 1.6
32.6 46.5 2.7
49.2 27.7 2.3
41.1 18.1 4.5
76.4 6.8 3.6
16.7 90.2 5.1
24.7 44 1.7
85.2 16.2 4.5
94.7 24.5 2.6
22.1 79.7 5.1
89 81.6 1.2
6.8 62.5 5.5
65 96.2 2.5
37.4 49.5 5.9
42.8 47.2 5.7
15.1 76.1 1.3
39.2 19.6 4.7
79.2 15.6 4.5
17.6 17.5 5.1
29.5 56.2 2.7
44 64.1 1.2
74.5 36.3 2.1
4.8 56 2.5
15.7 36.4 3.9
27 59.2 5.8
7.5 85.2 5.8
3.2 39.6 2.9
63.9 75.2 3.1
46.6 57.1 2.2
23.5 5.1 3.5
4.6 67.8 1.8
58.7 49 5.9
51.9 94 1.4
24.1 98.3 1.9
72.7 47.2 4.7
24.4 87 1.5
68.5 20.4 5.1
54.1 88.3 3.5
46.1 51.7 4
25.8 92.2 4.7
42.1 49.6 3
34.4 39.6 4.2
61.5 1.4 4.5
87.9 73.2 2.2
78 76.5 1.3
21.7 63.6 1.2
86.4 50.5 2.3
1.5 61.2 3.1
93.9 3 3.4
86.6 35.7 1.6
94.9 48.7 4.3
83.9 44.4 3.7
26.9 52.3 2.7
57.8 67.3 1.5
18.4 9.3 2.8
13 93.5 5
69 53.2 4.1
51.6 40.1 4.9
3.3 91 5.7
16.9 43.1 5
79.5 31.9 2.9
76.8 88.4 3.7
55.9 96.7 4.1
42.5 25.1 1.9
85.5 39.1 4.9
50.4 96.2 4.5
39.5 82 3.7
4.9 63.2 3.9
58.9 94.1 3.2
70.2 63.3 1.2
5.3 82.5 3.8
48.4 58.2 2.6
26.5 14 4
83.7 71.8 1.1
19.4 85.9 2.5
14.9 25.4 5.8
71.5 8 5.8
18.1 72.7 2.7
77.3 1.6 4.1
80.9 36.9 1.8
4.6 52.6 1.3
93.9 57.6 2.8
58.9 93.2 2.5
43.3 23.6 3.5
57.4 28.2 1.6
32.9 2.8 2.1
39.9 74.3 2.6
76 87.4 2.7
58.9 6.1 3.3
45 43.8 1.4
26.8 45.1 4.5
8.1 12.1 4.3
49.5 94.2 5.5
66.5 14.4 4.4
10.1 58.6 2
29.3 52.2 4.3
92.3 97.2 4.8
57 98.6 1.9
31 44.8 4.5
58 41.1 1.1
12.4 91.3 2.6
50.5 15.8 5.6
96 20.5 5.4
40.3 63.8 2.3
88 71.3 5.3
67.5 34 1
67.5 8.6 4
59.7 23 4.1
82.4 21.8 5.1
61.8 75.3 4
84.3 82.1 3.1
4.5 14.4 5.3
58.5 34.2 2.9
38.8 42 3.1
41.7 35.8 1.9
41.1 34.4 1.8
71.4 25.6 1.5
65.4 49.9 4
24.4 33.9 3.5
46.9 41.3 3.9
88.6 69.2 1.5
23 94.6 4.5
67.3 78.7 3.8
52.9 40.7 5.7
72.3 30.6 1.7
69.5 56.5 3.9
82.4 42.3 3.1
40.8 30.2 4
26.7 93.2 2.3
4 45.6 4.5
167
0 47
0 129
0 142
1 43
1 95
3 124
4 38
4 92
5 9
5 149
6 19
6 34
6 58
7 31
7 42
7 67
7 87
8 105
9 46
9 149
10 95
11 31
11 50
11 87
12 23
12 36
13 85
13 112
14 33
14 34
14 58
14 60
16 78
17 57
17 88
17 102
19 48
19 51
19 58
19 91
20 74
21 33
21 110
21 115
21 118
23 36
23 103
23 121
24 96
24 98
25 45
25 59
25 75
25 94
25 120
25 141
26 110
27 37
27 128
28 122
29 94
31 42
31 50
31 67
31 87
31 114
33 34
33 58
33 60
33 115
33 118
33 133
34 58
34 60
34 109
34 133
34 139
36 83
36 103
37 128
38 95
39 44
39 72
39 115
42 100
43 79
44 65
44 72
44 115
45 75
45 78
45 90
45 120
46 149
47 129
47 142
48 58
48 91
50 87
51 137
51 143
52 82
52 85
52 112
53 59
53 141
54 76
54 137
55 59
56 113
56 127
56 136
57 112
58 60
59 141
59 148
61 118
61 133
62 108
63 124
67 87
69 84
71 84
71 146
72 115
75 78
75 120
76 137
76 145
77 139
77 143
78 90
81 107
82 85
82 88
82 102
82 112
82 117
83 103
83 147
84 99
84 146
85 112
88 102
88 117
93 124
96 98
96 113
96 126
103 147
104 127
109 139
110 115
110 118
111 131
113 126
115 118
119 143
124 140
129 142
132 143
134 135
134 147
135 147
137 145
139 143
141 148
5
14 33 34 58 60 
